0	0	0	2.093000
0	0	1	4.315000
0	0	2	2.604000
0	0	3	2.728000
0	0	4	3.063000
0	0	5	2.549000
0	0	6	2.417000
0	0	7	2.469000
0	0	8	2.424000
0	0	9	4.994000
0	0	10	5.263000
0	0	11	4.446000
0	0	12	4.442000
0	0	13	4.469000
0	0	14	4.645000
0	0	15	3.155000
0	0	16	3.408000
0	0	17	3.632000
0	0	18	2.933000
0	0	19	2.947000
0	0	20	2.806000
0	0	21	2.919000
0	0	22	2.965000
0	0	23	2.891000
0	0	24	2.253000
0	0	25	2.211000
0	0	26	2.245000
0	0	27	2.176000
0	0	28	2.310000
0	0	29	2.280000
0	0	30	3.110000
0	0	31	2.558000
0	0	32	2.447000
0	0	33	2.669000
0	0	34	2.227000
0	0	35	2.392000
0	0	36	2.392000
0	0	37	2.470000
0	0	38	2.190000
0	0	39	2.183000
0	0	40	2.256000
0	0	41	2.046000
0	0	42	2.146000
0	0	43	2.157000
0	0	44	2.111000
0	0	45	2.126000
0	0	46	2.242000
0	0	47	2.339000
0	0	48	3.267000
0	0	49	2.083000
0	0	50	2.093000
0	0	51	2.296000
0	0	52	2.014000
0	0	53	2.108000
0	0	54	2.096000
0	0	55	1.989000
0	0	56	2.064000
0	0	57	2.088000
0	0	58	2.279000
0	0	59	2.303000
0	0	60	2.164000
0	0	61	2.195000
0	0	62	1.905000
0	0	63	2.113000
0	0	64	2.139000
0	0	65	4.909000
0	0	66	4.578000
0	0	67	5.065000
0	0	68	4.217000
0	0	69	2.385000
0	0	70	2.616000
0	0	71	2.431000
0	0	72	2.388000
0	0	73	2.385000
0	0	74	2.470000
0	0	75	2.411000
0	0	76	2.579000
0	0	77	2.722000
0	0	78	2.878000
0	0	79	2.890000
0	0	80	2.596000
0	0	81	2.534000
0	0	82	2.242000
0	0	83	2.122000
0	0	84	2.190000
0	0	85	2.617000
0	0	86	2.165000
0	0	87	2.471000
0	0	88	2.060000
0	0	89	2.304000
0	0	90	2.688000
0	0	91	2.326000
0	0	92	2.161000
0	0	93	2.214000
0	0	94	2.246000
0	0	95	2.427000
0	0	96	2.478000
0	0	97	2.327000
0	0	98	2.402000
0	0	99	2.302000
0	0	100	2.233000
0	0	101	2.497000
0	0	102	2.538000
0	0	103	2.153000
0	0	104	2.440000
0	0	105	2.534000
0	0	106	2.254000
0	0	107	2.265000
0	0	108	5.074000
0	0	109	5.414000
0	0	110	2.760000
0	0	111	2.836000
0	0	112	2.760000
0	0	113	3.321000
0	0	114	3.049000
0	0	115	3.104000
0	0	116	2.899000
0	0	117	2.701000
0	0	118	2.698000
0	0	119	2.732000
0	0	120	3.193000
0	0	121	2.609000
0	0	122	2.374000
0	0	123	2.586000
0	0	124	2.273000
0	0	125	2.332000
0	0	126	2.798000
0	0	127	2.813000
0	0	128	2.486000
0	0	129	2.642000
0	0	130	2.452000
0	0	131	2.259000
0	0	132	2.284000
0	0	133	2.348000
0	0	134	2.365000
0	0	135	2.163000
0	0	136	2.195000
0	0	137	2.145000
0	0	138	2.705000
0	0	139	2.116000
0	0	140	2.176000
0	0	141	2.122000
0	0	142	2.264000
0	0	143	2.136000
0	0	144	2.093000
0	0	145	2.132000
0	0	146	2.147000
0	0	147	2.140000
0	0	148	2.219000
0	0	149	2.368000
0	0	150	2.733000
0	0	151	2.726000
0	0	152	1.970000
0	0	153	2.076000
0	0	154	2.089000
0	0	155	4.044000
0	0	156	4.443000
0	0	157	4.399000
0	0	158	4.034000
0	0	159	4.057000
0	0	160	4.063000
0	0	161	4.031000
0	0	162	6.232000
0	0	163	4.216000
0	0	164	1.996000
0	0	165	2.162000
0	0	166	2.112000
0	0	167	2.021000
0	0	168	2.304000
0	0	169	2.065000
0	0	170	4.273000
0	0	171	4.090000
0	0	172	4.167000
0	0	173	4.155000
0	0	174	4.732000
0	0	175	5.197000
0	0	176	4.078000
0	0	177	4.178000
0	0	178	5.587000
0	0	179	4.745000
0	0	180	2.808000
0	0	181	2.664000
0	0	182	2.967000
0	0	183	3.063000
0	0	184	3.180000
0	0	185	2.952000
0	0	186	3.038000
0	0	187	3.072000
0	0	188	3.329000
0	0	189	2.766000
0	0	190	2.852000
0	0	191	2.905000
0	0	192	4.178000
0	0	193	2.581000
0	0	194	2.061000
0	0	195	2.069000
0	0	196	2.079000
0	0	197	2.851000
0	0	198	2.718000
0	0	199	3.828000
0	0	200	2.943000
0	0	201	3.540000
0	0	202	1.952000
0	0	203	3.008000
0	0	204	2.005000
0	0	205	1.912000
0	0	206	1.976000
0	0	207	1.970000
0	0	208	2.116000
0	0	209	2.180000
0	0	210	2.697000
0	0	211	2.565000
0	0	212	2.445000
0	0	213	2.473000
0	0	214	2.211000
0	0	215	2.116000
0	0	216	2.128000
0	0	217	2.132000
0	0	218	2.170000
0	0	219	2.135000
0	0	220	4.339000
0	0	221	4.193000
0	0	222	4.551000
0	0	223	4.865000
0	0	224	5.919000
0	0	225	2.711000
0	0	226	2.452000
0	0	227	4.519000
0	0	228	4.767000
0	0	229	4.522000
0	0	230	4.699000
0	0	231	6.437000
0	0	232	5.554000
0	0	233	5.040000
0	0	234	4.410000
0	0	235	4.786000
0	0	236	4.392000
0	0	237	4.704000
0	0	238	4.563000
0	0	239	5.065000
0	0	240	5.198000
0	0	241	4.724000
0	0	242	4.969000
0	0	243	4.647000
0	0	244	5.751000
0	0	245	4.838000
0	0	246	5.656000
0	0	247	7.496000
0	0	248	5.289000
0	0	249	2.668000
0	0	250	2.517000
0	0	251	2.295000
0	0	252	2.478000
0	0	253	2.338000
0	0	254	2.491000
0	0	255	2.209000
0	0	256	5.148000
0	0	257	4.486000
0	0	258	4.537000
0	0	259	4.646000
0	0	260	6.641000
0	0	261	2.416000
0	0	262	2.683000
0	0	263	2.383000
0	0	264	2.482000
0	0	265	2.314000
0	0	266	3.137000
0	0	267	2.219000
0	0	268	2.219000
0	0	269	2.181000
0	0	270	2.831000
0	0	271	2.539000
0	0	272	2.626000
0	0	273	2.321000
0	0	274	2.381000
0	0	275	2.421000
0	0	276	2.361000
0	0	277	2.311000
0	0	278	2.797000
0	0	279	2.334000
0	0	280	2.289000
0	0	281	2.082000
0	0	282	2.076000
0	0	283	2.234000
0	0	284	2.393000
0	0	285	2.564000
0	0	286	1.999000
0	0	287	2.054000
0	0	288	2.163000
0	0	289	2.061000
0	0	290	4.005000
0	0	291	4.014000
0	0	292	3.972000
0	0	293	4.091000
0	0	294	3.955000
0	0	295	3.932000
0	0	296	4.624000
0	0	297	3.056000
0	0	298	3.310000
0	0	299	4.224000
0	0	300	3.670000
0	0	301	2.066000
0	0	302	1.978000
0	0	303	2.108000
0	0	304	2.066000
0	0	305	2.071000
0	0	306	2.145000
0	0	307	2.046000
0	0	308	2.104000
0	0	309	2.173000
0	0	310	2.159000
0	0	311	2.435000
0	0	312	2.112000
0	0	313	2.352000
0	0	314	2.736000
0	0	315	2.568000
0	0	316	2.250000
0	0	317	2.173000
0	0	318	2.048000
0	0	319	2.248000
0	0	320	2.342000
0	0	321	2.252000
0	0	322	3.332000
0	0	323	2.261000
0	0	324	2.563000
0	0	325	2.743000
0	0	326	2.319000
0	0	327	2.410000
0	0	328	2.318000
0	0	329	2.478000
0	0	330	2.742000
0	0	331	2.858000
0	0	332	2.203000
0	0	333	2.975000
0	0	334	2.214000
0	0	335	2.198000
0	0	336	2.216000
0	0	337	2.225000
0	0	338	2.256000
0	0	339	2.261000
0	0	340	2.611000
0	0	341	2.496000
0	0	342	2.558000
0	0	343	2.421000
0	0	344	2.494000
0	0	345	2.917000
0	0	346	3.153000
0	0	347	2.431000
0	0	348	2.734000
0	0	349	3.642000
0	0	350	2.494000
0	0	351	2.523000
0	0	352	2.398000
0	0	353	2.396000
0	0	354	2.614000
0	0	355	2.588000
0	0	356	2.968000
0	0	357	2.638000
0	0	358	3.083000
0	0	359	3.350000
0	1	0	3.341000
0	1	1	3.825000
0	1	2	2.995000
0	1	3	2.992000
0	1	4	3.049000
0	1	5	3.005000
0	1	6	2.819000
0	1	7	2.713000
0	1	8	3.110000
0	1	9	3.305000
0	1	10	2.816000
0	1	11	3.097000
0	1	12	3.194000
0	1	13	3.215000
0	1	14	3.565000
0	1	15	6.132000
0	1	16	3.700000
0	1	17	3.504000
0	1	18	3.579000
0	1	19	4.775000
0	1	20	4.172000
0	1	21	5.173000
0	1	22	5.223000
0	1	23	3.677000
0	1	24	3.672000
0	1	25	3.172000
0	1	26	2.907000
0	1	27	2.723000
0	1	28	2.803000
0	1	29	2.641000
0	1	30	2.683000
0	1	31	2.674000
0	1	32	3.170000
0	1	33	2.672000
0	1	34	2.853000
0	1	35	3.386000
0	1	36	2.731000
0	1	37	3.005000
0	1	38	2.612000
0	1	39	2.581000
0	1	40	6.144000
0	1	41	4.627000
0	1	42	3.464000
0	1	43	3.362000
0	1	44	3.412000
0	1	45	3.492000
0	1	46	3.843000
0	1	47	3.576000
0	1	48	3.856000
0	1	49	3.364000
0	1	50	3.356000
0	1	51	3.413000
0	1	52	3.443000
0	1	53	4.367000
0	1	54	3.538000
0	1	55	3.616000
0	1	56	3.462000
0	1	57	3.558000
0	1	58	4.417000
0	1	59	2.867000
0	1	60	2.694000
0	1	61	2.758000
0	1	62	2.835000
0	1	63	2.727000
0	1	64	3.146000
0	1	65	3.050000
0	1	66	2.738000
0	1	67	2.541000
0	1	68	2.843000
0	1	69	2.845000
0	1	70	2.992000
0	1	71	2.534000
0	1	72	2.465000
0	1	73	2.520000
0	1	74	3.385000
0	1	75	3.135000
0	1	76	3.436000
0	1	77	3.289000
0	1	78	3.589000
0	1	79	3.095000
0	1	80	3.629000
0	1	81	3.766000
0	1	82	4.031000
0	1	83	3.601000
0	1	84	3.148000
0	1	85	3.355000
0	1	86	3.389000
0	1	87	3.521000
0	1	88	2.790000
0	1	89	2.543000
0	1	90	2.373000
0	1	91	2.473000
0	1	92	2.486000
0	1	93	2.427000
0	1	94	3.189000
0	1	95	4.915000
0	1	96	3.162000
0	1	97	2.661000
0	1	98	2.845000
0	1	99	2.688000
0	1	100	2.975000
0	1	101	3.465000
0	1	102	3.610000
0	1	103	3.653000
0	1	104	3.570000
0	1	105	3.826000
0	1	106	3.537000
0	1	107	3.784000
0	1	108	3.364000
0	1	109	4.009000
0	1	110	3.328000
0	1	111	4.161000
0	1	112	3.861000
0	1	113	6.159000
0	1	114	4.563000
0	1	115	4.180000
0	1	116	4.298000
0	1	117	2.799000
0	1	118	2.918000
0	1	119	3.359000
0	1	120	2.918000
0	1	121	2.872000
0	1	122	2.761000
0	1	123	3.052000
0	1	124	3.435000
0	1	125	3.859000
0	1	126	3.503000
0	1	127	4.538000
0	1	128	2.846000
0	1	129	3.135000
0	1	130	2.789000
0	1	131	2.903000
0	1	132	2.661000
0	1	133	2.633000
0	1	134	2.907000
0	1	135	2.641000
0	1	136	2.724000
0	1	137	2.824000
0	1	138	2.621000
0	1	139	2.725000
0	1	140	2.592000
0	1	141	3.034000
0	1	142	3.133000
0	1	143	3.575000
0	1	144	2.752000
0	1	145	2.825000
0	1	146	2.679000
0	1	147	2.777000
0	1	148	3.063000
0	1	149	2.913000
0	1	150	2.777000
0	1	151	2.813000
0	1	152	2.539000
0	1	153	3.066000
0	1	154	2.907000
0	1	155	2.613000
0	1	156	2.764000
0	1	157	3.285000
0	1	158	2.712000
0	1	159	3.031000
0	1	160	2.689000
0	1	161	2.644000
0	1	162	2.754000
0	1	163	2.801000
0	1	164	2.896000
0	1	165	2.710000
0	1	166	2.635000
0	1	167	2.646000
0	1	168	2.837000
0	1	169	2.575000
0	1	170	2.568000
0	1	171	3.097000
0	1	172	2.818000
0	1	173	2.686000
0	1	174	2.532000
0	1	175	2.815000
0	1	176	2.738000
0	1	177	2.605000
0	1	178	3.006000
0	1	179	2.576000
0	1	180	2.700000
0	1	181	3.224000
0	1	182	2.750000
0	1	183	2.598000
0	1	184	2.655000
0	1	185	2.575000
0	1	186	2.540000
0	1	187	2.780000
0	1	188	2.473000
0	1	189	2.583000
0	1	190	2.971000
0	1	191	2.480000
0	1	192	2.680000
0	1	193	2.625000
0	1	194	2.625000
0	1	195	2.710000
0	1	196	2.978000
0	1	197	2.673000
0	1	198	2.872000
0	1	199	3.393000
0	1	200	2.705000
0	1	201	2.709000
0	1	202	3.423000
0	1	203	2.638000
0	1	204	2.690000
0	1	205	3.379000
0	1	206	2.533000
0	1	207	2.881000
0	1	208	2.697000
0	1	209	2.698000
0	1	210	2.949000
0	1	211	2.725000
0	1	212	2.761000
0	1	213	2.569000
0	1	214	2.869000
0	1	215	2.720000
0	1	216	3.159000
0	1	217	3.287000
0	1	218	2.734000
0	1	219	2.597000
0	1	220	2.670000
0	1	221	3.897000
0	1	222	6.323000
0	1	223	5.757000
0	1	224	6.669000
0	1	225	5.555000
0	1	226	5.324000
0	1	227	5.710000
0	1	228	5.722000
0	1	229	6.911000
0	1	230	6.590000
0	1	231	5.661000
0	1	232	5.741000
0	1	233	6.475000
0	1	234	5.297000
0	1	235	6.070000
0	1	236	5.395000
0	1	237	6.795000
0	1	238	3.128000
0	1	239	3.390000
0	1	240	3.425000
0	1	241	3.083000
0	1	242	2.566000
0	1	243	2.483000
0	1	244	2.781000
0	1	245	2.774000
0	1	246	2.693000
0	1	247	2.970000
0	1	248	2.578000
0	1	249	3.003000
0	1	250	2.912000
0	1	251	2.674000
0	1	252	2.768000
0	1	253	2.712000
0	1	254	3.361000
0	1	255	4.034000
0	1	256	2.843000
0	1	257	3.109000
0	1	258	2.732000
0	1	259	2.873000
0	1	260	3.130000
0	1	261	2.610000
0	1	262	2.748000
0	1	263	2.934000
0	1	264	2.583000
0	1	265	2.715000
0	1	266	4.022000
0	1	267	2.577000
0	1	268	2.630000
0	1	269	2.669000
0	1	270	2.661000
0	1	271	2.659000
0	1	272	2.723000
0	1	273	2.799000
0	1	274	3.262000
0	1	275	2.692000
0	1	276	2.623000
0	1	277	4.280000
0	1	278	3.791000
0	1	279	2.715000
0	1	280	2.728000
0	1	281	2.982000
0	1	282	2.698000
0	1	283	2.800000
0	1	284	2.657000
0	1	285	2.629000
0	1	286	2.920000
0	1	287	2.728000
0	1	288	2.607000
0	1	289	2.603000
0	1	290	2.890000
0	1	291	2.710000
0	1	292	2.691000
0	1	293	4.388000
0	1	294	5.305000
0	1	295	5.638000
0	1	296	5.400000
0	1	297	5.433000
0	1	298	5.544000
0	1	299	3.875000
0	1	300	3.639000
0	1	301	3.810000
0	1	302	5.007000
0	1	303	5.397000
0	1	304	3.121000
0	1	305	3.581000
0	1	306	3.501000
0	1	307	3.085000
0	1	308	3.350000
0	1	309	2.714000
0	1	310	2.747000
0	1	311	2.922000
0	1	312	2.610000
0	1	313	2.692000
0	1	314	3.127000
0	1	315	3.031000
0	1	316	2.655000
0	1	317	2.612000
0	1	318	2.575000
0	1	319	2.596000
0	1	320	2.600000
0	1	321	2.512000
0	1	322	2.665000
0	1	323	2.826000
0	1	324	6.250000
0	1	325	5.674000
0	1	326	6.860000
0	1	327	5.635000
0	1	328	5.549000
0	1	329	5.306000
0	1	330	5.686000
0	1	331	5.999000
0	1	332	5.596000
0	1	333	6.541000
0	1	334	5.524000
0	1	335	5.623000
0	1	336	8.401000
0	1	337	6.884000
0	1	338	7.321000
0	1	339	6.181000
0	1	340	4.373000
0	1	341	3.620000
0	1	342	3.129000
0	1	343	3.891000
0	1	344	3.244000
0	1	345	3.502000
0	1	346	3.277000
0	1	347	3.275000
0	1	348	3.631000
0	1	349	3.230000
0	1	350	3.304000
0	1	351	4.257000
0	1	352	3.619000
0	1	353	2.572000
0	1	354	2.576000
0	1	355	3.385000
0	1	356	2.720000
0	1	357	2.732000
0	1	358	3.153000
0	1	359	2.818000
0	2	0	3.228000
0	2	1	3.785000
0	2	2	3.459000
0	2	3	3.351000
0	2	4	4.125000
0	2	5	3.375000
0	2	6	3.680000
0	2	7	3.186000
0	2	8	4.278000
0	2	9	4.737000
0	2	10	3.411000
0	2	11	3.372000
0	2	12	3.319000
0	2	13	3.279000
0	2	14	3.261000
0	2	15	3.222000
0	2	16	6.827000
0	2	17	6.664000
0	2	18	6.973000
0	2	19	7.155000
0	2	20	9.352000
0	2	21	7.588000
0	2	22	7.538000
0	2	23	7.278000
0	2	24	8.042000
0	2	25	6.954000
0	2	26	6.756000
0	2	27	7.162000
0	2	28	10.105000
0	2	29	8.797000
0	2	30	4.578000
0	2	31	4.790000
0	2	32	4.463000
0	2	33	4.730000
0	2	34	3.401000
0	2	35	3.580000
0	2	36	3.467000
0	2	37	3.748000
0	2	38	3.801000
0	2	39	5.382000
0	2	40	3.819000
0	2	41	3.267000
0	2	42	3.127000
0	2	43	3.191000
0	2	44	3.269000
0	2	45	3.236000
0	2	46	3.523000
0	2	47	3.318000
0	2	48	3.527000
0	2	49	3.243000
0	2	50	3.438000
0	2	51	3.091000
0	2	52	3.261000
0	2	53	3.286000
0	2	54	2.971000
0	2	55	3.047000
0	2	56	3.151000
0	2	57	3.470000
0	2	58	3.071000
0	2	59	3.018000
0	2	60	3.100000
0	2	61	3.010000
0	2	62	3.643000
0	2	63	3.576000
0	2	64	3.167000
0	2	65	3.333000
0	2	66	3.262000
0	2	67	3.077000
0	2	68	3.652000
0	2	69	3.802000
0	2	70	2.927000
0	2	71	3.367000
0	2	72	3.375000
0	2	73	2.966000
0	2	74	3.032000
0	2	75	2.975000
0	2	76	3.093000
0	2	77	3.003000
0	2	78	3.555000
0	2	79	3.047000
0	2	80	4.539000
0	2	81	5.012000
0	2	82	3.919000
0	2	83	3.073000
0	2	84	3.217000
0	2	85	3.312000
0	2	86	3.110000
0	2	87	3.512000
0	2	88	3.415000
0	2	89	3.152000
0	2	90	3.237000
0	2	91	3.320000
0	2	92	3.512000
0	2	93	3.432000
0	2	94	4.059000
0	2	95	3.654000
0	2	96	3.667000
0	2	97	3.389000
0	2	98	3.387000
0	2	99	3.590000
0	2	100	4.327000
0	2	101	3.281000
0	2	102	3.415000
0	2	103	4.098000
0	2	104	3.329000
0	2	105	3.469000
0	2	106	3.470000
0	2	107	4.048000
0	2	108	3.782000
0	2	109	5.616000
0	2	110	8.030000
0	2	111	8.624000
0	2	112	7.644000
0	2	113	6.951000
0	2	114	7.965000
0	2	115	8.049000
0	2	116	7.366000
0	2	117	4.541000
0	2	118	4.595000
0	2	119	3.403000
0	2	120	3.481000
0	2	121	4.164000
0	2	122	3.389000
0	2	123	3.294000
0	2	124	3.538000
0	2	125	3.800000
0	2	126	3.849000
0	2	127	4.133000
0	2	128	3.663000
0	2	129	3.651000
0	2	130	4.075000
0	2	131	3.628000
0	2	132	3.772000
0	2	133	3.623000
0	2	134	3.789000
0	2	135	4.306000
0	2	136	3.688000
0	2	137	3.457000
0	2	138	3.352000
0	2	139	3.749000
0	2	140	3.789000
0	2	141	3.768000
0	2	142	4.664000
0	2	143	3.639000
0	2	144	3.517000
0	2	145	3.333000
0	2	146	3.237000
0	2	147	3.098000
0	2	148	3.661000
0	2	149	3.567000
0	2	150	3.189000
0	2	151	3.123000
0	2	152	3.060000
0	2	153	3.658000
0	2	154	3.486000
0	2	155	3.088000
0	2	156	3.154000
0	2	157	3.068000
0	2	158	3.004000
0	2	159	3.139000
0	2	160	3.258000
0	2	161	3.048000
0	2	162	3.240000
0	2	163	3.140000
0	2	164	2.907000
0	2	165	3.030000
0	2	166	5.416000
0	2	167	3.200000
0	2	168	4.262000
0	2	169	3.015000
0	2	170	3.556000
0	2	171	3.438000
0	2	172	3.377000
0	2	173	3.189000
0	2	174	6.858000
0	2	175	6.843000
0	2	176	3.965000
0	2	177	3.502000
0	2	178	4.144000
0	2	179	4.179000
0	2	180	3.724000
0	2	181	3.068000
0	2	182	3.529000
0	2	183	3.064000
0	2	184	3.092000
0	2	185	3.438000
0	2	186	3.257000
0	2	187	3.482000
0	2	188	3.718000
0	2	189	3.781000
0	2	190	3.780000
0	2	191	4.292000
0	2	192	3.833000
0	2	193	3.638000
0	2	194	3.684000
0	2	195	4.109000
0	2	196	3.569000
0	2	197	3.376000
0	2	198	3.464000
0	2	199	3.498000
0	2	200	5.001000
0	2	201	4.427000
0	2	202	3.590000
0	2	203	4.240000
0	2	204	3.626000
0	2	205	3.547000
0	2	206	3.302000
0	2	207	3.287000
0	2	208	4.892000
0	2	209	6.401000
0	2	210	6.864000
0	2	211	6.639000
0	2	212	7.427000
0	2	213	6.473000
0	2	214	3.824000
0	2	215	4.310000
0	2	216	3.907000
0	2	217	3.989000
0	2	218	3.895000
0	2	219	3.984000
0	2	220	4.304000
0	2	221	3.982000
0	2	222	3.927000
0	2	223	3.964000
0	2	224	4.019000
0	2	225	4.283000
0	2	226	4.396000
0	2	227	4.392000
0	2	228	3.711000
0	2	229	3.346000
0	2	230	3.144000
0	2	231	3.189000
0	2	232	3.645000
0	2	233	3.151000
0	2	234	6.975000
0	2	235	8.137000
0	2	236	7.546000
0	2	237	7.883000
0	2	238	7.569000
0	2	239	5.231000
0	2	240	5.019000
0	2	241	3.234000
0	2	242	3.352000
0	2	243	3.423000
0	2	244	4.273000
0	2	245	5.128000
0	2	246	4.896000
0	2	247	5.197000
0	2	248	5.091000
0	2	249	5.082000
0	2	250	4.825000
0	2	251	3.655000
0	2	252	5.157000
0	2	253	3.423000
0	2	254	3.431000
0	2	255	3.577000
0	2	256	4.012000
0	2	257	3.517000
0	2	258	3.872000
0	2	259	5.485000
0	2	260	5.058000
0	2	261	5.003000
0	2	262	4.329000
0	2	263	4.744000
0	2	264	7.518000
0	2	265	6.155000
0	2	266	4.130000
0	2	267	5.017000
0	2	268	4.254000
0	2	269	4.373000
0	2	270	4.243000
0	2	271	4.291000
0	2	272	4.247000
0	2	273	4.326000
0	2	274	4.484000
0	2	275	5.365000
0	2	276	7.119000
0	2	277	5.361000
0	2	278	6.195000
0	2	279	5.142000
0	2	280	4.440000
0	2	281	4.326000
0	2	282	4.348000
0	2	283	4.511000
0	2	284	4.296000
0	2	285	5.005000
0	2	286	4.500000
0	2	287	4.805000
0	2	288	4.664000
0	2	289	4.009000
0	2	290	3.514000
0	2	291	3.161000
0	2	292	3.276000
0	2	293	5.517000
0	2	294	3.152000
0	2	295	3.044000
0	2	296	3.372000
0	2	297	3.029000
0	2	298	3.459000
0	2	299	3.072000
0	2	300	3.233000
0	2	301	3.360000
0	2	302	3.529000
0	2	303	3.355000
0	2	304	3.207000
0	2	305	3.332000
0	2	306	3.255000
0	2	307	3.348000
0	2	308	3.596000
0	2	309	3.170000
0	2	310	3.216000
0	2	311	3.648000
0	2	312	3.034000
0	2	313	3.282000
0	2	314	3.084000
0	2	315	3.253000
0	2	316	3.362000
0	2	317	3.573000
0	2	318	3.352000
0	2	319	3.404000
0	2	320	3.337000
0	2	321	3.697000
0	2	322	3.212000
0	2	323	3.391000
0	2	324	3.331000
0	2	325	5.932000
0	2	326	3.130000
0	2	327	3.146000
0	2	328	3.128000
0	2	329	3.095000
0	2	330	3.477000
0	2	331	3.583000
0	2	332	3.036000
0	2	333	3.202000
0	2	334	3.587000
0	2	335	3.310000
0	2	336	3.582000
0	2	337	4.878000
0	2	338	3.406000
0	2	339	3.575000
0	2	340	3.160000
0	2	341	3.368000
0	2	342	3.273000
0	2	343	3.121000
0	2	344	3.910000
0	2	345	3.190000
0	2	346	3.538000
0	2	347	3.353000
0	2	348	3.490000
0	2	349	3.436000
0	2	350	4.558000
0	2	351	3.941000
0	2	352	3.670000
0	2	353	3.594000
0	2	354	3.320000
0	2	355	3.148000
0	2	356	3.298000
0	2	357	3.088000
0	2	358	3.220000
0	2	359	3.138000
0	3	0	3.443000
0	3	1	3.402000
0	3	2	3.575000
0	3	3	4.022000
0	3	4	4.347000
0	3	5	5.004000
0	3	6	3.897000
0	3	7	3.761000
0	3	8	3.636000
0	3	9	3.651000
0	3	10	3.797000
0	3	11	4.058000
0	3	12	3.890000
0	3	13	4.017000
0	3	14	4.486000
0	3	15	3.897000
0	3	16	3.986000
0	3	17	3.776000
0	3	18	4.125000
0	3	19	4.263000
0	3	20	4.544000
0	3	21	3.900000
0	3	22	8.715000
0	3	23	8.579000
0	3	24	9.907000
0	3	25	7.407000
0	3	26	5.111000
0	3	27	5.002000
0	3	28	4.652000
0	3	29	4.675000
0	3	30	4.903000
0	3	31	4.361000
0	3	32	4.530000
0	3	33	5.376000
0	3	34	4.818000
0	3	35	4.210000
0	3	36	4.372000
0	3	37	3.862000
0	3	38	4.339000
0	3	39	4.743000
0	3	40	9.223000
0	3	41	8.091000
0	3	42	8.160000
0	3	43	8.490000
0	3	44	8.910000
0	3	45	8.259000
0	3	46	9.183000
0	3	47	8.286000
0	3	48	8.760000
0	3	49	4.381000
0	3	50	3.891000
0	3	51	3.668000
0	3	52	3.703000
0	3	53	3.434000
0	3	54	3.572000
0	3	55	4.184000
0	3	56	3.941000
0	3	57	3.763000
0	3	58	3.578000
0	3	59	4.352000
0	3	60	3.592000
0	3	61	5.239000
0	3	62	4.047000
0	3	63	4.737000
0	3	64	3.618000
0	3	65	3.446000
0	3	66	3.522000
0	3	67	3.445000
0	3	68	3.722000
0	3	69	3.559000
0	3	70	3.345000
0	3	71	3.453000
0	3	72	3.580000
0	3	73	5.079000
0	3	74	3.920000
0	3	75	3.728000
0	3	76	3.614000
0	3	77	4.190000
0	3	78	3.548000
0	3	79	4.227000
0	3	80	3.312000
0	3	81	3.390000
0	3	82	3.309000
0	3	83	3.396000
0	3	84	3.398000
0	3	85	3.537000
0	3	86	3.527000
0	3	87	3.221000
0	3	88	3.481000
0	3	89	4.127000
0	3	90	3.292000
0	3	91	3.653000
0	3	92	7.037000
0	3	93	6.826000
0	3	94	7.600000
0	3	95	6.900000
0	3	96	7.317000
0	3	97	12.827000
0	3	98	8.532000
0	3	99	5.268000
0	3	100	3.959000
0	3	101	3.683000
0	3	102	3.847000
0	3	103	4.091000
0	3	104	3.494000
0	3	105	3.477000
0	3	106	3.352000
0	3	107	3.414000
0	3	108	3.776000
0	3	109	3.472000
0	3	110	3.606000
0	3	111	3.455000
0	3	112	3.300000
0	3	113	3.879000
0	3	114	3.324000
0	3	115	3.385000
0	3	116	3.346000
0	3	117	4.347000
0	3	118	4.000000
0	3	119	3.737000
0	3	120	3.569000
0	3	121	3.816000
0	3	122	3.580000
0	3	123	3.394000
0	3	124	4.078000
0	3	125	3.327000
0	3	126	3.428000
0	3	127	3.312000
0	3	128	3.269000
0	3	129	3.523000
0	3	130	3.672000
0	3	131	3.770000
0	3	132	3.476000
0	3	133	3.654000
0	3	134	5.901000
0	3	135	4.277000
0	3	136	4.116000
0	3	137	3.693000
0	3	138	4.419000
0	3	139	4.029000
0	3	140	3.568000
0	3	141	4.140000
0	3	142	3.441000
0	3	143	3.395000
0	3	144	4.886000
0	3	145	7.004000
0	3	146	7.485000
0	3	147	8.538000
0	3	148	4.425000
0	3	149	3.953000
0	3	150	3.355000
0	3	151	3.409000
0	3	152	4.011000
0	3	153	3.764000
0	3	154	3.949000
0	3	155	3.942000
0	3	156	3.969000
0	3	157	4.023000
0	3	158	4.022000
0	3	159	4.084000
0	3	160	3.911000
0	3	161	3.320000
0	3	162	3.327000
0	3	163	3.264000
0	3	164	3.661000
0	3	165	3.953000
0	3	166	3.449000
0	3	167	3.337000
0	3	168	3.303000
0	3	169	3.290000
0	3	170	3.603000
0	3	171	4.396000
0	3	172	3.904000
0	3	173	3.917000
0	3	174	3.609000
0	3	175	3.496000
0	3	176	3.415000
0	3	177	3.349000
0	3	178	3.755000
0	3	179	3.490000
0	3	180	3.506000
0	3	181	3.603000
0	3	182	3.551000
0	3	183	4.049000
0	3	184	3.852000
0	3	185	3.721000
0	3	186	7.481000
0	3	187	6.219000
0	3	188	4.045000
0	3	189	4.203000
0	3	190	3.905000
0	3	191	4.031000
0	3	192	4.074000
0	3	193	4.277000
0	3	194	4.810000
0	3	195	4.808000
0	3	196	3.323000
0	3	197	3.367000
0	3	198	3.353000
0	3	199	3.385000
0	3	200	4.102000
0	3	201	4.050000
0	3	202	4.188000
0	3	203	5.036000
0	3	204	8.838000
0	3	205	9.246000
0	3	206	10.505000
0	3	207	5.146000
0	3	208	5.064000
0	3	209	5.118000
0	3	210	3.939000
0	3	211	3.880000
0	3	212	4.601000
0	3	213	4.156000
0	3	214	4.944000
0	3	215	4.365000
0	3	216	4.833000
0	3	217	4.214000
0	3	218	3.636000
0	3	219	4.034000
0	3	220	3.535000
0	3	221	3.314000
0	3	222	3.282000
0	3	223	3.410000
0	3	224	3.399000
0	3	225	4.022000
0	3	226	3.378000
0	3	227	3.697000
0	3	228	3.354000
0	3	229	3.404000
0	3	230	3.339000
0	3	231	3.720000
0	3	232	4.495000
0	3	233	3.529000
0	3	234	3.639000
0	3	235	3.529000
0	3	236	3.335000
0	3	237	4.306000
0	3	238	3.951000
0	3	239	5.371000
0	3	240	3.312000
0	3	241	3.982000
0	3	242	6.828000
0	3	243	3.534000
0	3	244	3.880000
0	3	245	3.399000
0	3	246	3.715000
0	3	247	3.363000
0	3	248	3.378000
0	3	249	3.803000
0	3	250	3.867000
0	3	251	7.426000
0	3	252	7.922000
0	3	253	7.452000
0	3	254	9.046000
0	3	255	8.036000
0	3	256	8.632000
0	3	257	8.307000
0	3	258	7.876000
0	3	259	6.339000
0	3	260	4.420000
0	3	261	4.665000
0	3	262	4.621000
0	3	263	4.765000
0	3	264	4.838000
0	3	265	4.540000
0	3	266	4.315000
0	3	267	10.462000
0	3	268	12.308000
0	3	269	11.510000
0	3	270	7.866000
0	3	271	5.024000
0	3	272	5.037000
0	3	273	5.815000
0	3	274	4.969000
0	3	275	5.753000
0	3	276	5.583000
0	3	277	5.127000
0	3	278	5.991000
0	3	279	5.561000
0	3	280	5.674000
0	3	281	4.426000
0	3	282	4.162000
0	3	283	3.944000
0	3	284	3.756000
0	3	285	3.642000
0	3	286	3.880000
0	3	287	3.635000
0	3	288	4.547000
0	3	289	4.991000
0	3	290	3.953000
0	3	291	3.849000
0	3	292	4.246000
0	3	293	4.540000
0	3	294	4.297000
0	3	295	3.899000
0	3	296	3.729000
0	3	297	4.102000
0	3	298	4.081000
0	3	299	4.681000
0	3	300	3.862000
0	3	301	4.128000
0	3	302	3.694000
0	3	303	3.656000
0	3	304	3.605000
0	3	305	3.562000
0	3	306	3.601000
0	3	307	4.074000
0	3	308	3.720000
0	3	309	3.649000
0	3	310	4.320000
0	3	311	3.932000
0	3	312	3.695000
0	3	313	3.662000
0	3	314	3.804000
0	3	315	4.421000
0	3	316	3.645000
0	3	317	4.128000
0	3	318	3.554000
0	3	319	4.634000
0	3	320	4.029000
0	3	321	3.465000
0	3	322	3.709000
0	3	323	4.350000
0	3	324	3.508000
0	3	325	3.398000
0	3	326	3.429000
0	3	327	4.145000
0	3	328	4.359000
0	3	329	4.707000
0	3	330	4.089000
0	3	331	3.803000
0	3	332	3.655000
0	3	333	3.658000
0	3	334	3.967000
0	3	335	3.969000
0	3	336	3.486000
0	3	337	3.420000
0	3	338	3.402000
0	3	339	3.618000
0	3	340	3.875000
0	3	341	4.306000
0	3	342	3.662000
0	3	343	3.722000
0	3	344	4.037000
0	3	345	3.623000
0	3	346	3.353000
0	3	347	3.434000
0	3	348	3.495000
0	3	349	3.482000
0	3	350	3.761000
0	3	351	4.190000
0	3	352	3.613000
0	3	353	3.751000
0	3	354	3.591000
0	3	355	3.607000
0	3	356	4.003000
0	3	357	4.175000
0	3	358	4.801000
0	3	359	3.635000
0	4	0	3.374000
0	4	1	3.378000
0	4	2	3.791000
0	4	3	3.579000
0	4	4	3.325000
0	4	5	3.417000
0	4	6	6.365000
0	4	7	8.078000
0	4	8	4.598000
0	4	9	4.900000
0	4	10	4.564000
0	4	11	4.489000
0	4	12	3.574000
0	4	13	3.485000
0	4	14	3.333000
0	4	15	7.045000
0	4	16	6.945000
0	4	17	7.880000
0	4	18	7.837000
0	4	19	3.514000
0	4	20	3.534000
0	4	21	4.048000
0	4	22	3.630000
0	4	23	3.415000
0	4	24	4.256000
0	4	25	4.125000
0	4	26	4.048000
0	4	27	3.888000
0	4	28	3.317000
0	4	29	3.122000
0	4	30	3.138000
0	4	31	5.820000
0	4	32	6.524000
0	4	33	3.479000
0	4	34	3.276000
0	4	35	3.086000
0	4	36	3.301000
0	4	37	3.130000
0	4	38	3.158000
0	4	39	3.196000
0	4	40	4.908000
0	4	41	11.097000
0	4	42	3.896000
0	4	43	4.361000
0	4	44	3.853000
0	4	45	4.278000
0	4	46	5.000000
0	4	47	4.167000
0	4	48	3.491000
0	4	49	3.091000
0	4	50	3.107000
0	4	51	3.608000
0	4	52	3.244000
0	4	53	3.157000
0	4	54	3.271000
0	4	55	3.442000
0	4	56	3.588000
0	4	57	3.384000
0	4	58	3.362000
0	4	59	5.718000
0	4	60	3.375000
0	4	61	3.309000
0	4	62	3.328000
0	4	63	3.572000
0	4	64	3.396000
0	4	65	3.582000
0	4	66	3.664000
0	4	67	3.596000
0	4	68	3.538000
0	4	69	3.293000
0	4	70	3.272000
0	4	71	3.438000
0	4	72	4.297000
0	4	73	3.191000
0	4	74	3.184000
0	4	75	2.992000
0	4	76	3.087000
0	4	77	3.244000
0	4	78	3.418000
0	4	79	4.993000
0	4	80	3.022000
0	4	81	3.239000
0	4	82	3.104000
0	4	83	3.335000
0	4	84	3.045000
0	4	85	3.086000
0	4	86	3.479000
0	4	87	3.093000
0	4	88	3.709000
0	4	89	3.223000
0	4	90	3.307000
0	4	91	3.304000
0	4	92	3.327000
0	4	93	3.172000
0	4	94	3.553000
0	4	95	3.320000
0	4	96	3.552000
0	4	97	3.807000
0	4	98	3.387000
0	4	99	3.371000
0	4	100	3.718000
0	4	101	4.845000
0	4	102	3.609000
0	4	103	3.391000
0	4	104	3.694000
0	4	105	3.788000
0	4	106	3.345000
0	4	107	3.377000
0	4	108	3.555000
0	4	109	3.382000
0	4	110	3.307000
0	4	111	3.102000
0	4	112	3.045000
0	4	113	3.060000
0	4	114	2.953000
0	4	115	3.010000
0	4	116	3.220000
0	4	117	3.054000
0	4	118	3.428000
0	4	119	4.649000
0	4	120	3.353000
0	4	121	3.069000
0	4	122	3.232000
0	4	123	3.192000
0	4	124	3.290000
0	4	125	3.151000
0	4	126	3.426000
0	4	127	3.423000
0	4	128	3.103000
0	4	129	3.618000
0	4	130	3.170000
0	4	131	3.317000
0	4	132	3.978000
0	4	133	3.325000
0	4	134	3.039000
0	4	135	3.108000
0	4	136	3.253000
0	4	137	3.143000
0	4	138	3.378000
0	4	139	3.996000
0	4	140	3.087000
0	4	141	3.053000
0	4	142	3.203000
0	4	143	3.033000
0	4	144	3.466000
0	4	145	3.408000
0	4	146	3.790000
0	4	147	3.509000
0	4	148	3.330000
0	4	149	3.197000
0	4	150	3.365000
0	4	151	3.296000
0	4	152	3.553000
0	4	153	3.809000
0	4	154	4.987000
0	4	155	3.720000
0	4	156	3.445000
0	4	157	4.915000
0	4	158	3.765000
0	4	159	3.266000
0	4	160	3.187000
0	4	161	3.633000
0	4	162	3.388000
0	4	163	3.033000
0	4	164	2.991000
0	4	165	2.997000
0	4	166	3.009000
0	4	167	3.245000
0	4	168	3.271000
0	4	169	3.102000
0	4	170	3.536000
0	4	171	3.523000
0	4	172	3.567000
0	4	173	3.753000
0	4	174	7.697000
0	4	175	4.674000
0	4	176	5.055000
0	4	177	3.732000
0	4	178	4.134000
0	4	179	3.829000
0	4	180	3.426000
0	4	181	4.151000
0	4	182	3.485000
0	4	183	3.723000
0	4	184	3.494000
0	4	185	3.555000
0	4	186	3.581000
0	4	187	3.534000
0	4	188	6.315000
0	4	189	6.667000
0	4	190	3.204000
0	4	191	3.348000
0	4	192	3.493000
0	4	193	4.493000
0	4	194	3.292000
0	4	195	3.306000
0	4	196	3.562000
0	4	197	3.673000
0	4	198	3.216000
0	4	199	3.565000
0	4	200	3.246000
0	4	201	4.724000
0	4	202	3.371000
0	4	203	3.117000
0	4	204	3.206000
0	4	205	3.401000
0	4	206	3.420000
0	4	207	3.754000
0	4	208	3.843000
0	4	209	4.130000
0	4	210	3.867000
0	4	211	3.984000
0	4	212	4.008000
0	4	213	3.701000
0	4	214	3.910000
0	4	215	8.505000
0	4	216	7.764000
0	4	217	5.698000
0	4	218	5.812000
0	4	219	5.995000
0	4	220	3.640000
0	4	221	5.879000
0	4	222	3.496000
0	4	223	3.702000
0	4	224	3.556000
0	4	225	3.650000
0	4	226	3.537000
0	4	227	3.976000
0	4	228	3.806000
0	4	229	4.324000
0	4	230	3.878000
0	4	231	3.599000
0	4	232	3.684000
0	4	233	3.680000
0	4	234	3.810000
0	4	235	3.664000
0	4	236	4.405000
0	4	237	4.221000
0	4	238	5.936000
0	4	239	8.054000
0	4	240	8.105000
0	4	241	9.295000
0	4	242	9.314000
0	4	243	8.562000
0	4	244	4.262000
0	4	245	4.095000
0	4	246	4.279000
0	4	247	3.956000
0	4	248	3.765000
0	4	249	3.732000
0	4	250	3.730000
0	4	251	4.066000
0	4	252	3.792000
0	4	253	3.456000
0	4	254	3.738000
0	4	255	3.479000
0	4	256	3.423000
0	4	257	3.238000
0	4	258	3.269000
0	4	259	3.398000
0	4	260	3.473000
0	4	261	3.481000
0	4	262	3.503000
0	4	263	3.448000
0	4	264	3.321000
0	4	265	3.133000
0	4	266	4.249000
0	4	267	3.269000
0	4	268	3.217000
0	4	269	3.383000
0	4	270	3.355000
0	4	271	3.393000
0	4	272	3.477000
0	4	273	3.512000
0	4	274	3.825000
0	4	275	3.509000
0	4	276	3.824000
0	4	277	3.507000
0	4	278	3.333000
0	4	279	3.350000
0	4	280	3.373000
0	4	281	3.580000
0	4	282	3.603000
0	4	283	3.605000
0	4	284	3.228000
0	4	285	3.195000
0	4	286	3.751000
0	4	287	3.591000
0	4	288	3.420000
0	4	289	3.292000
0	4	290	3.138000
0	4	291	3.095000
0	4	292	3.004000
0	4	293	3.347000
0	4	294	3.358000
0	4	295	3.053000
0	4	296	3.018000
0	4	297	3.082000
0	4	298	3.216000
0	4	299	3.052000
0	4	300	7.383000
0	4	301	7.587000
0	4	302	6.921000
0	4	303	3.833000
0	4	304	3.614000
0	4	305	3.213000
0	4	306	3.238000
0	4	307	3.411000
0	4	308	3.214000
0	4	309	6.795000
0	4	310	4.213000
0	4	311	3.352000
0	4	312	3.456000
0	4	313	3.513000
0	4	314	3.867000
0	4	315	4.002000
0	4	316	3.351000
0	4	317	3.545000
0	4	318	3.241000
0	4	319	3.641000
0	4	320	3.306000
0	4	321	3.228000
0	4	322	3.117000
0	4	323	3.213000
0	4	324	3.743000
0	4	325	3.012000
0	4	326	3.475000
0	4	327	3.884000
0	4	328	3.346000
0	4	329	3.195000
0	4	330	6.185000
0	4	331	6.211000
0	4	332	3.924000
0	4	333	3.743000
0	4	334	3.920000
0	4	335	3.636000
0	4	336	4.037000
0	4	337	3.999000
0	4	338	3.590000
0	4	339	3.643000
0	4	340	4.087000
0	4	341	4.093000
0	4	342	4.227000
0	4	343	4.609000
0	4	344	3.776000
0	4	345	4.130000
0	4	346	3.871000
0	4	347	4.086000
0	4	348	4.135000
0	4	349	3.850000
0	4	350	4.043000
0	4	351	3.671000
0	4	352	4.221000
0	4	353	4.318000
0	4	354	3.875000
0	4	355	3.897000
0	4	356	3.901000
0	4	357	3.740000
0	4	358	3.758000
0	4	359	3.736000
0	5	0	6.003000
0	5	1	4.654000
0	5	2	6.083000
0	5	3	6.067000
0	5	4	5.252000
0	5	5	4.569000
0	5	6	4.754000
0	5	7	5.369000
0	5	8	9.431000
0	5	9	9.477000
0	5	10	9.901000
0	5	11	7.763000
0	5	12	5.725000
0	5	13	5.893000
0	5	14	5.586000
0	5	15	6.396000
0	5	16	5.327000
0	5	17	5.854000
0	5	18	5.390000
0	5	19	5.821000
0	5	20	5.518000
0	5	21	5.386000
0	5	22	5.559000
0	5	23	5.801000
0	5	24	9.757000
0	5	25	8.852000
0	5	26	9.000000
0	5	27	10.546000
0	5	28	7.299000
0	5	29	6.602000
0	5	30	4.516000
0	5	31	4.841000
0	5	32	4.316000
0	5	33	4.265000
0	5	34	4.390000
0	5	35	7.023000
0	5	36	6.575000
0	5	37	6.073000
0	5	38	6.134000
0	5	39	6.570000
0	5	40	6.124000
0	5	41	4.311000
0	5	42	4.431000
0	5	43	4.585000
0	5	44	4.796000
0	5	45	5.225000
0	5	46	4.712000
0	5	47	6.184000
0	5	48	10.002000
0	5	49	6.464000
0	5	50	8.085000
0	5	51	5.568000
0	5	52	6.070000
0	5	53	5.754000
0	5	54	5.208000
0	5	55	5.164000
0	5	56	4.668000
0	5	57	5.023000
0	5	58	4.843000
0	5	59	4.815000
0	5	60	4.937000
0	5	61	5.518000
0	5	62	4.650000
0	5	63	4.851000
0	5	64	4.597000
0	5	65	5.321000
0	5	66	5.274000
0	5	67	4.903000
0	5	68	5.856000
0	5	69	5.001000
0	5	70	4.425000
0	5	71	4.660000
0	5	72	5.767000
0	5	73	4.464000
0	5	74	4.387000
0	5	75	4.394000
0	5	76	4.522000
0	5	77	4.209000
0	5	78	4.447000
0	5	79	4.334000
0	5	80	4.532000
0	5	81	4.696000
0	5	82	4.575000
0	5	83	4.169000
0	5	84	4.271000
0	5	85	5.250000
0	5	86	4.588000
0	5	87	4.935000
0	5	88	4.176000
0	5	89	4.671000
0	5	90	4.717000
0	5	91	4.451000
0	5	92	4.169000
0	5	93	5.324000
0	5	94	4.758000
0	5	95	4.620000
0	5	96	4.410000
0	5	97	4.437000
0	5	98	4.487000
0	5	99	4.576000
0	5	100	4.590000
0	5	101	5.427000
0	5	102	4.953000
0	5	103	4.842000
0	5	104	4.242000
0	5	105	4.819000
0	5	106	4.482000
0	5	107	4.799000
0	5	108	4.802000
0	5	109	4.888000
0	5	110	5.471000
0	5	111	5.478000
0	5	112	4.494000
0	5	113	6.959000
0	5	114	4.161000
0	5	115	4.094000
0	5	116	4.076000
0	5	117	4.687000
0	5	118	4.185000
0	5	119	4.347000
0	5	120	4.281000
0	5	121	4.394000
0	5	122	5.136000
0	5	123	4.520000
0	5	124	4.759000
0	5	125	5.031000
0	5	126	6.575000
0	5	127	6.840000
0	5	128	4.733000
0	5	129	4.624000
0	5	130	4.758000
0	5	131	4.365000
0	5	132	4.483000
0	5	133	4.387000
0	5	134	4.385000
0	5	135	4.364000
0	5	136	4.574000
0	5	137	4.803000
0	5	138	5.258000
0	5	139	5.138000
0	5	140	4.936000
0	5	141	5.209000
0	5	142	4.749000
0	5	143	4.623000
0	5	144	4.884000
0	5	145	5.382000
0	5	146	5.190000
0	5	147	5.121000
0	5	148	4.832000
0	5	149	5.080000
0	5	150	4.931000
0	5	151	4.767000
0	5	152	5.009000
0	5	153	4.872000
0	5	154	5.125000
0	5	155	4.891000
0	5	156	5.424000
0	5	157	4.315000
0	5	158	4.574000
0	5	159	4.735000
0	5	160	4.694000
0	5	161	4.487000
0	5	162	5.433000
0	5	163	4.871000
0	5	164	5.053000
0	5	165	4.757000
0	5	166	4.733000
0	5	167	4.645000
0	5	168	4.928000
0	5	169	4.963000
0	5	170	4.915000
0	5	171	4.678000
0	5	172	4.876000
0	5	173	4.183000
0	5	174	7.278000
0	5	175	4.732000
0	5	176	5.930000
0	5	177	4.513000
0	5	178	4.827000
0	5	179	4.666000
0	5	180	4.724000
0	5	181	4.354000
0	5	182	4.746000
0	5	183	9.195000
0	5	184	8.846000
0	5	185	9.892000
0	5	186	5.436000
0	5	187	4.843000
0	5	188	4.252000
0	5	189	4.524000
0	5	190	4.623000
0	5	191	4.246000
0	5	192	4.255000
0	5	193	4.530000
0	5	194	4.536000
0	5	195	4.923000
0	5	196	4.228000
0	5	197	4.359000
0	5	198	4.350000
0	5	199	4.972000
0	5	200	4.576000
0	5	201	4.829000
0	5	202	4.766000
0	5	203	4.513000
0	5	204	4.581000
0	5	205	4.960000
0	5	206	4.669000
0	5	207	4.600000
0	5	208	5.286000
0	5	209	4.417000
0	5	210	5.392000
0	5	211	4.594000
0	5	212	4.668000
0	5	213	4.593000
0	5	214	5.309000
0	5	215	4.893000
0	5	216	5.069000
0	5	217	4.679000
0	5	218	4.728000
0	5	219	7.036000
0	5	220	5.178000
0	5	221	4.575000
0	5	222	4.836000
0	5	223	4.569000
0	5	224	4.653000
0	5	225	4.722000
0	5	226	4.443000
0	5	227	4.805000
0	5	228	4.542000
0	5	229	4.544000
0	5	230	7.836000
0	5	231	5.281000
0	5	232	6.204000
0	5	233	4.754000
0	5	234	4.688000
0	5	235	5.464000
0	5	236	5.141000
0	5	237	6.070000
0	5	238	4.803000
0	5	239	5.305000
0	5	240	4.780000
0	5	241	4.610000
0	5	242	4.734000
0	5	243	4.952000
0	5	244	5.031000
0	5	245	5.407000
0	5	246	5.314000
0	5	247	7.454000
0	5	248	5.059000
0	5	249	5.158000
0	5	250	4.700000
0	5	251	4.782000
0	5	252	4.605000
0	5	253	4.581000
0	5	254	4.806000
0	5	255	4.663000
0	5	256	4.992000
0	5	257	4.570000
0	5	258	4.699000
0	5	259	5.862000
0	5	260	4.967000
0	5	261	4.748000
0	5	262	4.305000
0	5	263	4.226000
0	5	264	4.345000
0	5	265	4.880000
0	5	266	4.072000
0	5	267	4.117000
0	5	268	4.242000
0	5	269	4.249000
0	5	270	4.482000
0	5	271	4.650000
0	5	272	4.269000
0	5	273	4.194000
0	5	274	4.668000
0	5	275	5.171000
0	5	276	4.579000
0	5	277	5.479000
0	5	278	5.030000
0	5	279	4.802000
0	5	280	4.861000
0	5	281	4.494000
0	5	282	4.397000
0	5	283	4.573000
0	5	284	4.718000
0	5	285	4.854000
0	5	286	5.242000
0	5	287	4.985000
0	5	288	4.481000
0	5	289	4.615000
0	5	290	4.446000
0	5	291	4.506000
0	5	292	4.627000
0	5	293	4.203000
0	5	294	4.047000
0	5	295	4.139000
0	5	296	4.224000
0	5	297	4.979000
0	5	298	4.942000
0	5	299	4.563000
0	5	300	9.624000
0	5	301	6.250000
0	5	302	6.122000
0	5	303	5.808000
0	5	304	5.593000
0	5	305	5.390000
0	5	306	5.737000
0	5	307	5.404000
0	5	308	9.228000
0	5	309	5.481000
0	5	310	5.670000
0	5	311	5.731000
0	5	312	5.447000
0	5	313	5.410000
0	5	314	4.577000
0	5	315	4.087000
0	5	316	4.410000
0	5	317	4.098000
0	5	318	4.035000
0	5	319	4.285000
0	5	320	4.943000
0	5	321	4.225000
0	5	322	4.001000
0	5	323	4.273000
0	5	324	4.826000
0	5	325	4.685000
0	5	326	4.416000
0	5	327	4.472000
0	5	328	4.107000
0	5	329	4.311000
0	5	330	4.412000
0	5	331	5.107000
0	5	332	5.125000
0	5	333	4.411000
0	5	334	4.123000
0	5	335	4.814000
0	5	336	4.431000
0	5	337	4.625000
0	5	338	4.087000
0	5	339	4.202000
0	5	340	4.436000
0	5	341	4.366000
0	5	342	4.364000
0	5	343	4.923000
0	5	344	4.765000
0	5	345	5.166000
0	5	346	4.648000
0	5	347	4.732000
0	5	348	4.987000
0	5	349	4.641000
0	5	350	10.501000
0	5	351	8.341000
0	5	352	6.529000
0	5	353	5.395000
0	5	354	4.417000
0	5	355	4.807000
0	5	356	4.912000
0	5	357	4.812000
0	5	358	4.636000
0	5	359	4.593000
0	6	0	4.010000
0	6	1	3.976000
0	6	2	4.971000
0	6	3	4.356000
0	6	4	5.111000
0	6	5	4.397000
0	6	6	4.231000
0	6	7	4.102000
0	6	8	8.644000
0	6	9	9.429000
0	6	10	8.794000
0	6	11	4.870000
0	6	12	4.936000
0	6	13	5.445000
0	6	14	4.601000
0	6	15	5.048000
0	6	16	4.250000
0	6	17	4.419000
0	6	18	4.269000
0	6	19	4.775000
0	6	20	4.421000
0	6	21	5.336000
0	6	22	4.630000
0	6	23	4.673000
0	6	24	5.315000
0	6	25	4.716000
0	6	26	4.950000
0	6	27	5.265000
0	6	28	4.988000
0	6	29	4.700000
0	6	30	4.922000
0	6	31	4.662000
0	6	32	4.981000
0	6	33	4.599000
0	6	34	4.787000
0	6	35	4.484000
0	6	36	4.645000
0	6	37	5.233000
0	6	38	5.087000
0	6	39	5.178000
0	6	40	4.419000
0	6	41	4.384000
0	6	42	4.359000
0	6	43	4.181000
0	6	44	4.144000
0	6	45	4.210000
0	6	46	4.226000
0	6	47	4.388000
0	6	48	4.063000
0	6	49	3.991000
0	6	50	5.437000
0	6	51	4.151000
0	6	52	4.114000
0	6	53	4.494000
0	6	54	6.855000
0	6	55	10.318000
0	6	56	8.583000
0	6	57	8.408000
0	6	58	10.168000
0	6	59	10.076000
0	6	60	9.344000
0	6	61	9.061000
0	6	62	9.783000
0	6	63	5.664000
0	6	64	5.439000
0	6	65	4.614000
0	6	66	5.571000
0	6	67	10.628000
0	6	68	9.586000
0	6	69	9.288000
0	6	70	7.681000
0	6	71	6.894000
0	6	72	5.968000
0	6	73	4.285000
0	6	74	4.449000
0	6	75	4.348000
0	6	76	4.457000
0	6	77	4.883000
0	6	78	4.828000
0	6	79	4.219000
0	6	80	5.310000
0	6	81	4.282000
0	6	82	4.100000
0	6	83	4.276000
0	6	84	4.237000
0	6	85	4.185000
0	6	86	6.017000
0	6	87	4.391000
0	6	88	4.127000
0	6	89	4.201000
0	6	90	4.153000
0	6	91	4.113000
0	6	92	4.304000
0	6	93	4.601000
0	6	94	4.916000
0	6	95	4.970000
0	6	96	4.957000
0	6	97	3.997000
0	6	98	4.256000
0	6	99	4.708000
0	6	100	4.863000
0	6	101	4.033000
0	6	102	4.068000
0	6	103	5.022000
0	6	104	4.797000
0	6	105	4.071000
0	6	106	4.919000
0	6	107	5.684000
0	6	108	4.152000
0	6	109	4.183000
0	6	110	4.491000
0	6	111	4.674000
0	6	112	4.880000
0	6	113	5.080000
0	6	114	4.165000
0	6	115	4.102000
0	6	116	4.681000
0	6	117	5.864000
0	6	118	4.423000
0	6	119	4.163000
0	6	120	4.999000
0	6	121	4.301000
0	6	122	4.230000
0	6	123	4.219000
0	6	124	7.548000
0	6	125	4.448000
0	6	126	4.495000
0	6	127	4.301000
0	6	128	4.776000
0	6	129	4.197000
0	6	130	4.362000
0	6	131	4.176000
0	6	132	4.125000
0	6	133	4.950000
0	6	134	4.740000
0	6	135	4.398000
0	6	136	4.141000
0	6	137	4.108000
0	6	138	4.244000
0	6	139	4.057000
0	6	140	4.166000
0	6	141	3.993000
0	6	142	4.047000
0	6	143	10.139000
0	6	144	8.321000
0	6	145	8.454000
0	6	146	8.231000
0	6	147	8.094000
0	6	148	8.970000
0	6	149	8.306000
0	6	150	7.260000
0	6	151	6.530000
0	6	152	4.417000
0	6	153	4.673000
0	6	154	4.760000
0	6	155	8.823000
0	6	156	10.652000
0	6	157	8.913000
0	6	158	8.497000
0	6	159	9.527000
0	6	160	8.334000
0	6	161	8.298000
0	6	162	9.178000
0	6	163	8.345000
0	6	164	8.566000
0	6	165	8.335000
0	6	166	8.774000
0	6	167	8.382000
0	6	168	9.730000
0	6	169	7.102000
0	6	170	5.112000
0	6	171	5.551000
0	6	172	5.376000
0	6	173	5.026000
0	6	174	4.722000
0	6	175	5.084000
0	6	176	5.503000
0	6	177	5.209000
0	6	178	6.433000
0	6	179	6.015000
0	6	180	4.923000
0	6	181	4.517000
0	6	182	4.657000
0	6	183	4.656000
0	6	184	6.652000
0	6	185	6.123000
0	6	186	5.401000
0	6	187	4.001000
0	6	188	4.142000
0	6	189	4.240000
0	6	190	4.026000
0	6	191	8.215000
0	6	192	9.892000
0	6	193	5.340000
0	6	194	4.673000
0	6	195	5.087000
0	6	196	4.329000
0	6	197	4.251000
0	6	198	4.252000
0	6	199	5.006000
0	6	200	5.744000
0	6	201	4.599000
0	6	202	4.298000
0	6	203	4.733000
0	6	204	4.312000
0	6	205	4.009000
0	6	206	6.643000
0	6	207	6.032000
0	6	208	5.623000
0	6	209	4.083000
0	6	210	4.599000
0	6	211	4.235000
0	6	212	4.109000
0	6	213	4.191000
0	6	214	4.107000
0	6	215	4.480000
0	6	216	4.757000
0	6	217	4.082000
0	6	218	4.416000
0	6	219	4.200000
0	6	220	8.743000
0	6	221	9.257000
0	6	222	5.742000
0	6	223	5.017000
0	6	224	5.268000
0	6	225	6.127000
0	6	226	4.878000
0	6	227	5.075000
0	6	228	4.785000
0	6	229	4.933000
0	6	230	4.748000
0	6	231	5.893000
0	6	232	6.070000
0	6	233	4.674000
0	6	234	4.381000
0	6	235	4.119000
0	6	236	5.217000
0	6	237	5.824000
0	6	238	5.046000
0	6	239	5.718000
0	6	240	5.189000
0	6	241	4.940000
0	6	242	5.411000
0	6	243	5.395000
0	6	244	5.965000
0	6	245	5.831000
0	6	246	7.406000
0	6	247	4.425000
0	6	248	5.594000
0	6	249	4.660000
0	6	250	4.106000
0	6	251	4.513000
0	6	252	4.456000
0	6	253	4.158000
0	6	254	4.340000
0	6	255	4.271000
0	6	256	4.435000
0	6	257	4.623000
0	6	258	4.675000
0	6	259	4.780000
0	6	260	5.612000
0	6	261	4.175000
0	6	262	4.269000
0	6	263	4.723000
0	6	264	4.007000
0	6	265	4.943000
0	6	266	4.484000
0	6	267	4.460000
0	6	268	4.703000
0	6	269	5.644000
0	6	270	5.476000
0	6	271	4.740000
0	6	272	4.510000
0	6	273	7.439000
0	6	274	4.741000
0	6	275	5.097000
0	6	276	4.342000
0	6	277	4.721000
0	6	278	4.165000
0	6	279	4.179000
0	6	280	4.427000
0	6	281	11.163000
0	6	282	10.810000
0	6	283	7.687000
0	6	284	5.256000
0	6	285	5.052000
0	6	286	6.074000
0	6	287	8.626000
0	6	288	9.338000
0	6	289	9.574000
0	6	290	8.492000
0	6	291	9.722000
0	6	292	8.377000
0	6	293	8.314000
0	6	294	10.467000
0	6	295	7.111000
0	6	296	4.157000
0	6	297	4.280000
0	6	298	4.150000
0	6	299	3.974000
0	6	300	3.906000
0	6	301	4.315000
0	6	302	4.526000
0	6	303	4.730000
0	6	304	7.818000
0	6	305	5.195000
0	6	306	4.956000
0	6	307	4.374000
0	6	308	5.089000
0	6	309	4.392000
0	6	310	4.754000
0	6	311	4.510000
0	6	312	9.165000
0	6	313	9.834000
0	6	314	11.444000
0	6	315	5.902000
0	6	316	5.778000
0	6	317	5.226000
0	6	318	6.675000
0	6	319	4.528000
0	6	320	4.523000
0	6	321	5.047000
0	6	322	4.325000
0	6	323	8.453000
0	6	324	8.662000
0	6	325	10.485000
0	6	326	9.324000
0	6	327	8.793000
0	6	328	4.801000
0	6	329	4.691000
0	6	330	5.028000
0	6	331	4.840000
0	6	332	5.359000
0	6	333	5.698000
0	6	334	5.308000
0	6	335	4.734000
0	6	336	4.002000
0	6	337	4.704000
0	6	338	4.096000
0	6	339	4.018000
0	6	340	4.601000
0	6	341	4.374000
0	6	342	4.858000
0	6	343	4.170000
0	6	344	4.318000
0	6	345	4.258000
0	6	346	4.461000
0	6	347	4.954000
0	6	348	4.832000
0	6	349	4.311000
0	6	350	4.577000
0	6	351	7.970000
0	6	352	8.890000
0	6	353	10.248000
0	6	354	9.409000
0	6	355	10.147000
0	6	356	9.987000
0	6	357	4.175000
0	6	358	4.115000
0	6	359	3.978000
0	7	0	5.528000
0	7	1	7.174000
0	7	2	9.245000
0	7	3	6.721000
0	7	4	7.035000
0	7	5	6.333000
0	7	6	6.803000
0	7	7	8.074000
0	7	8	8.554000
0	7	9	6.825000
0	7	10	6.431000
0	7	11	6.265000
0	7	12	7.059000
0	7	13	6.068000
0	7	14	6.142000
0	7	15	8.796000
0	7	16	6.525000
0	7	17	6.062000
0	7	18	6.928000
0	7	19	8.877000
0	7	20	5.886000
0	7	21	5.095000
0	7	22	5.129000
0	7	23	5.224000
0	7	24	5.009000
0	7	25	6.214000
0	7	26	5.481000
0	7	27	4.866000
0	7	28	5.565000
0	7	29	5.464000
0	7	30	6.152000
0	7	31	5.114000
0	7	32	5.114000
0	7	33	6.372000
0	7	34	4.944000
0	7	35	6.402000
0	7	36	4.980000
0	7	37	5.131000
0	7	38	5.049000
0	7	39	5.003000
0	7	40	4.898000
0	7	41	5.098000
0	7	42	5.424000
0	7	43	5.158000
0	7	44	5.161000
0	7	45	6.007000
0	7	46	4.958000
0	7	47	5.589000
0	7	48	4.901000
0	7	49	4.757000
0	7	50	4.844000
0	7	51	4.772000
0	7	52	5.072000
0	7	53	5.564000
0	7	54	4.851000
0	7	55	5.396000
0	7	56	5.815000
0	7	57	4.942000
0	7	58	5.087000
0	7	59	4.993000
0	7	60	4.924000
0	7	61	4.958000
0	7	62	5.012000
0	7	63	6.349000
0	7	64	10.622000
0	7	65	7.609000
0	7	66	6.824000
0	7	67	4.937000
0	7	68	5.065000
0	7	69	4.970000
0	7	70	4.746000
0	7	71	5.253000
0	7	72	4.913000
0	7	73	4.941000
0	7	74	5.170000
0	7	75	5.773000
0	7	76	5.285000
0	7	77	5.952000
0	7	78	4.850000
0	7	79	4.953000
0	7	80	6.447000
0	7	81	5.396000
0	7	82	5.435000
0	7	83	6.724000
0	7	84	4.698000
0	7	85	4.832000
0	7	86	4.681000
0	7	87	4.703000
0	7	88	4.753000
0	7	89	4.560000
0	7	90	4.806000
0	7	91	4.899000
0	7	92	9.941000
0	7	93	10.571000
0	7	94	10.157000
0	7	95	11.595000
0	7	96	5.044000
0	7	97	4.777000
0	7	98	4.947000
0	7	99	5.188000
0	7	100	4.817000
0	7	101	5.269000
0	7	102	4.855000
0	7	103	4.639000
0	7	104	4.768000
0	7	105	4.694000
0	7	106	5.817000
0	7	107	4.587000
0	7	108	5.027000
0	7	109	4.673000
0	7	110	4.813000
0	7	111	4.748000
0	7	112	6.379000
0	7	113	5.759000
0	7	114	5.945000
0	7	115	5.079000
0	7	116	5.060000
0	7	117	5.241000
0	7	118	4.955000
0	7	119	5.017000
0	7	120	5.200000
0	7	121	5.161000
0	7	122	5.098000
0	7	123	5.110000
0	7	124	5.289000
0	7	125	5.322000
0	7	126	4.927000
0	7	127	5.391000
0	7	128	4.857000
0	7	129	4.844000
0	7	130	4.747000
0	7	131	4.748000
0	7	132	5.163000
0	7	133	5.082000
0	7	134	4.760000
0	7	135	7.425000
0	7	136	4.980000
0	7	137	4.849000
0	7	138	4.830000
0	7	139	5.141000
0	7	140	4.927000
0	7	141	4.846000
0	7	142	4.722000
0	7	143	5.680000
0	7	144	4.841000
0	7	145	4.732000
0	7	146	9.405000
0	7	147	10.143000
0	7	148	9.798000
0	7	149	11.751000
0	7	150	10.503000
0	7	151	9.953000
0	7	152	6.372000
0	7	153	5.481000
0	7	154	5.503000
0	7	155	6.069000
0	7	156	4.839000
0	7	157	4.748000
0	7	158	4.630000
0	7	159	5.423000
0	7	160	5.159000
0	7	161	4.820000
0	7	162	5.084000
0	7	163	4.818000
0	7	164	5.474000
0	7	165	5.418000
0	7	166	5.763000
0	7	167	8.654000
0	7	168	5.610000
0	7	169	5.640000
0	7	170	5.029000
0	7	171	5.058000
0	7	172	4.888000
0	7	173	5.269000
0	7	174	4.599000
0	7	175	4.574000
0	7	176	5.741000
0	7	177	4.619000
0	7	178	5.111000
0	7	179	4.606000
0	7	180	5.026000
0	7	181	8.035000
0	7	182	5.064000
0	7	183	5.111000
0	7	184	4.504000
0	7	185	5.258000
0	7	186	4.573000
0	7	187	4.377000
0	7	188	4.356000
0	7	189	5.314000
0	7	190	4.587000
0	7	191	4.629000
0	7	192	4.647000
0	7	193	5.167000
0	7	194	4.927000
0	7	195	5.556000
0	7	196	5.509000
0	7	197	4.987000
0	7	198	4.968000
0	7	199	4.782000
0	7	200	5.991000
0	7	201	4.814000
0	7	202	5.428000
0	7	203	4.981000
0	7	204	4.950000
0	7	205	4.929000
0	7	206	4.985000
0	7	207	5.717000
0	7	208	4.932000
0	7	209	5.244000
0	7	210	4.844000
0	7	211	4.877000
0	7	212	4.706000
0	7	213	5.174000
0	7	214	4.550000
0	7	215	4.756000
0	7	216	4.882000
0	7	217	5.056000
0	7	218	4.713000
0	7	219	4.766000
0	7	220	9.350000
0	7	221	9.435000
0	7	222	11.335000
0	7	223	8.828000
0	7	224	6.723000
0	7	225	5.790000
0	7	226	4.423000
0	7	227	5.737000
0	7	228	4.931000
0	7	229	4.604000
0	7	230	4.564000
0	7	231	9.495000
0	7	232	8.440000
0	7	233	4.501000
0	7	234	5.100000
0	7	235	4.555000
0	7	236	5.045000
0	7	237	4.557000
0	7	238	4.703000
0	7	239	4.846000
0	7	240	6.174000
0	7	241	5.043000
0	7	242	4.763000
0	7	243	4.992000
0	7	244	5.017000
0	7	245	5.287000
0	7	246	5.055000
0	7	247	5.449000
0	7	248	5.009000
0	7	249	5.175000
0	7	250	4.770000
0	7	251	10.653000
0	7	252	14.155000
0	7	253	11.179000
0	7	254	8.543000
0	7	255	7.953000
0	7	256	7.141000
0	7	257	7.144000
0	7	258	7.793000
0	7	259	7.365000
0	7	260	4.950000
0	7	261	4.814000
0	7	262	5.017000
0	7	263	5.866000
0	7	264	6.793000
0	7	265	5.139000
0	7	266	5.094000
0	7	267	5.177000
0	7	268	5.101000
0	7	269	5.107000
0	7	270	5.944000
0	7	271	5.218000
0	7	272	5.389000
0	7	273	6.368000
0	7	274	5.230000
0	7	275	4.938000
0	7	276	5.045000
0	7	277	6.046000
0	7	278	5.071000
0	7	279	5.054000
0	7	280	5.021000
0	7	281	5.602000
0	7	282	6.173000
0	7	283	5.158000
0	7	284	5.231000
0	7	285	5.907000
0	7	286	5.150000
0	7	287	5.762000
0	7	288	5.758000
0	7	289	5.441000
0	7	290	4.969000
0	7	291	4.768000
0	7	292	11.035000
0	7	293	10.898000
0	7	294	6.399000
0	7	295	7.167000
0	7	296	5.501000
0	7	297	4.931000
0	7	298	5.895000
0	7	299	5.208000
0	7	300	5.772000
0	7	301	7.510000
0	7	302	5.532000
0	7	303	5.001000
0	7	304	5.261000
0	7	305	5.684000
0	7	306	5.214000
0	7	307	5.168000
0	7	308	5.262000
0	7	309	4.884000
0	7	310	4.977000
0	7	311	5.174000
0	7	312	5.181000
0	7	313	5.553000
0	7	314	5.221000
0	7	315	6.702000
0	7	316	5.854000
0	7	317	4.969000
0	7	318	5.233000
0	7	319	5.243000
0	7	320	6.094000
0	7	321	5.164000
0	7	322	5.629000
0	7	323	6.113000
0	7	324	5.341000
0	7	325	5.350000
0	7	326	5.989000
0	7	327	5.396000
0	7	328	5.396000
0	7	329	5.791000
0	7	330	7.641000
0	7	331	6.418000
0	7	332	5.637000
0	7	333	7.034000
0	7	334	11.640000
0	7	335	7.446000
0	7	336	6.972000
0	7	337	5.406000
0	7	338	6.101000
0	7	339	5.554000
0	7	340	5.627000
0	7	341	5.469000
0	7	342	5.129000
0	7	343	5.246000
0	7	344	5.215000
0	7	345	5.713000
0	7	346	5.243000
0	7	347	5.066000
0	7	348	5.239000
0	7	349	5.216000
0	7	350	5.199000
0	7	351	5.680000
0	7	352	5.506000
0	7	353	5.719000
0	7	354	5.323000
0	7	355	5.427000
0	7	356	6.308000
0	7	357	5.468000
0	7	358	5.384000
0	7	359	5.444000
1	0	0	4.356000
1	0	1	3.028000
1	0	2	2.688000
1	0	3	2.669000
1	0	4	2.998000
1	0	5	3.270000
1	0	6	2.598000
1	0	7	3.604000
1	0	8	2.712000
1	0	9	2.574000
1	0	10	2.805000
1	0	11	2.548000
1	0	12	2.641000
1	0	13	3.335000
1	0	14	2.652000
1	0	15	2.925000
1	0	16	2.596000
1	0	17	3.823000
1	0	18	3.307000
1	0	19	2.763000
1	0	20	2.623000
1	0	21	2.943000
1	0	22	2.704000
1	0	23	2.563000
1	0	24	2.646000
1	0	25	2.917000
1	0	26	2.944000
1	0	27	4.983000
1	0	28	3.067000
1	0	29	2.837000
1	0	30	4.288000
1	0	31	2.877000
1	0	32	3.243000
1	0	33	3.306000
1	0	34	2.674000
1	0	35	2.645000
1	0	36	2.652000
1	0	37	2.498000
1	0	38	2.843000
1	0	39	2.844000
1	0	40	2.907000
1	0	41	2.612000
1	0	42	2.581000
1	0	43	2.794000
1	0	44	3.114000
1	0	45	3.036000
1	0	46	3.034000
1	0	47	2.818000
1	0	48	3.292000
1	0	49	3.233000
1	0	50	4.213000
1	0	51	3.290000
1	0	52	4.018000
1	0	53	3.152000
1	0	54	3.733000
1	0	55	2.969000
1	0	56	2.761000
1	0	57	2.884000
1	0	58	2.798000
1	0	59	2.715000
1	0	60	2.607000
1	0	61	3.086000
1	0	62	2.836000
1	0	63	2.728000
1	0	64	2.600000
1	0	65	2.892000
1	0	66	3.755000
1	0	67	2.807000
1	0	68	2.638000
1	0	69	3.507000
1	0	70	2.845000
1	0	71	3.051000
1	0	72	3.395000
1	0	73	3.116000
1	0	74	2.843000
1	0	75	3.456000
1	0	76	2.982000
1	0	77	3.188000
1	0	78	3.127000
1	0	79	3.753000
1	0	80	2.758000
1	0	81	2.859000
1	0	82	3.160000
1	0	83	2.723000
1	0	84	2.798000
1	0	85	3.162000
1	0	86	2.847000
1	0	87	3.060000
1	0	88	2.875000
1	0	89	2.826000
1	0	90	2.710000
1	0	91	2.686000
1	0	92	2.707000
1	0	93	2.728000
1	0	94	2.725000
1	0	95	3.024000
1	0	96	3.066000
1	0	97	3.216000
1	0	98	3.341000
1	0	99	3.169000
1	0	100	3.067000
1	0	101	3.337000
1	0	102	3.546000
1	0	103	2.962000
1	0	104	2.910000
1	0	105	5.713000
1	0	106	3.386000
1	0	107	3.943000
1	0	108	2.879000
1	0	109	2.760000
1	0	110	2.774000
1	0	111	2.644000
1	0	112	2.826000
1	0	113	2.716000
1	0	114	2.700000
1	0	115	2.792000
1	0	116	2.990000
1	0	117	2.859000
1	0	118	2.574000
1	0	119	3.012000
1	0	120	2.582000
1	0	121	2.778000
1	0	122	4.732000
1	0	123	2.762000
1	0	124	2.694000
1	0	125	2.997000
1	0	126	2.593000
1	0	127	2.574000
1	0	128	2.909000
1	0	129	3.058000
1	0	130	2.630000
1	0	131	2.688000
1	0	132	2.984000
1	0	133	2.643000
1	0	134	2.621000
1	0	135	2.472000
1	0	136	2.734000
1	0	137	3.582000
1	0	138	3.259000
1	0	139	2.855000
1	0	140	5.062000
1	0	141	3.229000
1	0	142	3.445000
1	0	143	2.808000
1	0	144	3.333000
1	0	145	3.231000
1	0	146	3.251000
1	0	147	3.039000
1	0	148	3.263000
1	0	149	2.767000
1	0	150	3.740000
1	0	151	2.957000
1	0	152	3.211000
1	0	153	2.578000
1	0	154	2.553000
1	0	155	2.849000
1	0	156	2.561000
1	0	157	2.776000
1	0	158	3.221000
1	0	159	2.914000
1	0	160	5.184000
1	0	161	5.682000
1	0	162	5.484000
1	0	163	6.026000
1	0	164	9.429000
1	0	165	6.316000
1	0	166	3.869000
1	0	167	3.098000
1	0	168	2.941000
1	0	169	5.007000
1	0	170	5.370000
1	0	171	5.185000
1	0	172	5.192000
1	0	173	5.214000
1	0	174	5.317000
1	0	175	5.799000
1	0	176	7.213000
1	0	177	6.668000
1	0	178	3.621000
1	0	179	3.207000
1	0	180	4.086000
1	0	181	4.090000
1	0	182	5.870000
1	0	183	4.112000
1	0	184	3.461000
1	0	185	3.024000
1	0	186	3.261000
1	0	187	3.614000
1	0	188	2.893000
1	0	189	4.839000
1	0	190	2.959000
1	0	191	3.103000
1	0	192	2.804000
1	0	193	2.978000
1	0	194	3.021000
1	0	195	3.019000
1	0	196	3.063000
1	0	197	2.921000
1	0	198	2.957000
1	0	199	2.758000
1	0	200	2.772000
1	0	201	3.720000
1	0	202	2.672000
1	0	203	2.965000
1	0	204	2.764000
1	0	205	2.916000
1	0	206	2.826000
1	0	207	2.708000
1	0	208	2.764000
1	0	209	2.744000
1	0	210	2.746000
1	0	211	3.016000
1	0	212	2.927000
1	0	213	4.082000
1	0	214	2.862000
1	0	215	3.359000
1	0	216	2.806000
1	0	217	4.791000
1	0	218	2.950000
1	0	219	2.808000
1	0	220	3.058000
1	0	221	2.753000
1	0	222	2.987000
1	0	223	2.837000
1	0	224	2.827000
1	0	225	3.192000
1	0	226	3.080000
1	0	227	3.434000
1	0	228	2.958000
1	0	229	2.634000
1	0	230	2.626000
1	0	231	2.882000
1	0	232	2.946000
1	0	233	3.182000
1	0	234	2.990000
1	0	235	4.297000
1	0	236	3.029000
1	0	237	3.538000
1	0	238	3.357000
1	0	239	4.044000
1	0	240	3.323000
1	0	241	3.093000
1	0	242	4.342000
1	0	243	2.785000
1	0	244	2.803000
1	0	245	3.644000
1	0	246	3.113000
1	0	247	2.870000
1	0	248	2.799000
1	0	249	3.167000
1	0	250	3.373000
1	0	251	3.145000
1	0	252	2.912000
1	0	253	2.990000
1	0	254	2.823000
1	0	255	2.747000
1	0	256	2.839000
1	0	257	2.995000
1	0	258	2.691000
1	0	259	3.021000
1	0	260	2.829000
1	0	261	2.669000
1	0	262	3.171000
1	0	263	2.465000
1	0	264	2.564000
1	0	265	2.645000
1	0	266	2.553000
1	0	267	2.718000
1	0	268	2.572000
1	0	269	2.690000
1	0	270	2.619000
1	0	271	2.573000
1	0	272	2.695000
1	0	273	2.528000
1	0	274	2.580000
1	0	275	3.072000
1	0	276	2.677000
1	0	277	2.471000
1	0	278	2.418000
1	0	279	2.489000
1	0	280	2.432000
1	0	281	2.442000
1	0	282	2.702000
1	0	283	2.477000
1	0	284	2.478000
1	0	285	2.663000
1	0	286	2.688000
1	0	287	3.805000
1	0	288	4.290000
1	0	289	3.887000
1	0	290	3.073000
1	0	291	2.725000
1	0	292	3.025000
1	0	293	3.468000
1	0	294	3.194000
1	0	295	3.246000
1	0	296	2.723000
1	0	297	2.821000
1	0	298	3.084000
1	0	299	2.528000
1	0	300	2.531000
1	0	301	2.845000
1	0	302	2.964000
1	0	303	2.716000
1	0	304	2.823000
1	0	305	3.039000
1	0	306	2.690000
1	0	307	2.772000
1	0	308	2.713000
1	0	309	2.658000
1	0	310	2.799000
1	0	311	3.300000
1	0	312	3.326000
1	0	313	3.076000
1	0	314	2.802000
1	0	315	2.989000
1	0	316	2.674000
1	0	317	2.941000
1	0	318	2.692000
1	0	319	2.882000
1	0	320	2.653000
1	0	321	2.668000
1	0	322	3.117000
1	0	323	2.707000
1	0	324	3.153000
1	0	325	3.163000
1	0	326	3.037000
1	0	327	3.532000
1	0	328	3.157000
1	0	329	3.048000
1	0	330	2.720000
1	0	331	2.746000
1	0	332	2.699000
1	0	333	2.937000
1	0	334	3.647000
1	0	335	3.120000
1	0	336	2.721000
1	0	337	3.350000
1	0	338	3.116000
1	0	339	2.954000
1	0	340	2.803000
1	0	341	2.838000
1	0	342	2.926000
1	0	343	3.110000
1	0	344	2.914000
1	0	345	3.205000
1	0	346	3.050000
1	0	347	6.229000
1	0	348	3.050000
1	0	349	2.981000
1	0	350	2.713000
1	0	351	2.770000
1	0	352	2.926000
1	0	353	2.953000
1	0	354	3.301000
1	0	355	2.841000
1	0	356	3.109000
1	0	357	2.835000
1	0	358	2.982000
1	0	359	2.705000
1	1	0	2.597000
1	1	1	6.177000
1	1	2	4.556000
1	1	3	3.867000
1	1	4	3.618000
1	1	5	3.795000
1	1	6	3.285000
1	1	7	3.433000
1	1	8	3.362000
1	1	9	3.429000
1	1	10	3.482000
1	1	11	4.183000
1	1	12	3.269000
1	1	13	4.042000
1	1	14	3.312000
1	1	15	4.063000
1	1	16	3.246000
1	1	17	3.371000
1	1	18	3.705000
1	1	19	3.110000
1	1	20	3.455000
1	1	21	3.166000
1	1	22	3.342000
1	1	23	3.594000
1	1	24	3.149000
1	1	25	3.760000
1	1	26	3.658000
1	1	27	3.448000
1	1	28	3.185000
1	1	29	3.473000
1	1	30	3.059000
1	1	31	3.103000
1	1	32	3.717000
1	1	33	3.520000
1	1	34	3.172000
